900 300 684 632 108 220 0 0
904 300 684 632 108 64 0 0
904 300 684 632 108 332 0 0
908 300 684 632 108 388 0 0
912 300 684 632 108 272 0 0
916 304 680 632 108 336 0 0
912 304 680 636 108 400 0 0
916 308 676 632 108 276 0 0
916 316 676 628 108 340 0 0
916 316 676 628 108 416 0 0
916 320 676 628 108 280 0 0
916 328 676 628 108 356 0 0
916 328 676 628 108 224 0 0
916 328 672 628 108 280 0 0
916 332 672 628 104 380 0 0
916 332 672 628 108 420 0 0
916 332 672 632 108 312 0 0
920 332 672 628 108 384 0 0
924 332 672 632 108 256 0 0
936 332 672 644 104 320 0 0
960 332 672 660 92 176 0 0
1000 332 668 692 56 388 0 0
4 328 668 720 36 260 0 0
20 324 664 744 32 332 0 0
16 312 668 772 32 200 0 0
16 312 668 784 32 272 0 0
16 312 672 796 36 148 0 0
16 312 672 804 48 220 0 0
16 308 680 804 60 308 0 0
8 312 688 804 72 396 0 0
4 316 692 804 84 276 0 0
4 324 704 804 92 368 0 0
4 324 712 804 96 232 0 0
4 324 716 804 104 296 0 0
4 328 720 808 108 388 0 0
4 328 724 816 112 428 0 0
4 328 724 828 112 340 0 0
4 328 720 848 112 396 0 0
4 328 724 860 120 280 0 0
4 328 732 860 136 372 0 0
4 312 756 860 132 432 0 0
4 308 768 868 132 476 0 0
4 300 784 868 128 376 0 0
4 292 812 872 136 436 0 0
4 288 828 868 140 308 0 0
4 288 832 872 144 400 0 0
4 288 832 876 144 452 0 0
12 292 840 876 148 328 0 0
20 300 836 884 144 408 0 0
20 304 840 896 144 468 0 0
24 304 840 904 148 352 0 0
28 312 840 912 148 428 0 0
28 316 840 920 144 300 0 0
32 324 840 936 144 512 0 0
32 328 840 940 148 432 0 0
40 332 848 940 148 476 0 0
44 340 848 940 144 384 0 0
48 340 852 940 148 448 0 0
52 344 856 940 144 496 0 0
56 352 856 944 144 516 0 0
64 368 856 956 140 448 0 0
80 380 856 956 120 472 0 0
96 392 856 960 100 472 0 0
124 400 852 964 72 384 0 0
144 416 856 972 48 400 0 0
152 436 856 976 36 312 0 0
160 444 860 984 28 356 0 0
164 448 864 996 28 400 0 0
168 448 876 996 24 452 0 0
168 448 896 1000 20 364 0 0
168 448 912 1000 20 404 0 0
168 448 924 1000 20 448 0 0
168 448 928 1012 20 380 0 0
172 448 940 0 20 420 0 0
172 448 940 8 24 336 0 0
172 448 948 16 28 376 0 0
172 444 960 24 32 424 0 0
168 436 972 36 44 372 0 0
168 436 984 44 48 412 0 0
168 436 1004 44 52 456 0 0
168 432 1020 40 56 396 0 0
168 412 28 20 60 436 0 0
168 384 80 0 60 476 0 0
168 344 168 968 64 420 0 0
168 280 300 868 60 428 0 0
172 204 468 736 56 480 0 0
168 144 616 608 56 412 0 0
168 84 740 488 56 436 0 0
168 72 788 472 56 380 0 0
164 72 772 500 56 412 0 0
164 60 776 524 52 456 0 0
172 52 788 532 32 468 0 0
184 48 792 540 16 384 0 0
184 52 752 588 12 452 0 0
188 92 644 700 4 460 0 0
196 152 544 796 1004 372 0 0
208 172 500 832 988 388 0 0
216 172 488 844 976 320 0 0
232 180 480 860 960 332 0 0
240 184 464 896 940 352 0 0
248 208 436 916 924 280 0 0
268 228 396 944 876 268 0 0
284 252 344 980 852 284 0 0
300 284 304 1020 824 192 0 0
316 288 296 4 796 196 0 0
324 300 288 4 764 200 0 0
332 304 288 4 748 112 0 0
332 304 288 4 724 140 0 0
332 312 288 1020 708 52 0 0
336 328 288 1012 692 72 0 0
336 328 292 1000 672 104 0 0
340 332 300 984 660 116 0 0
340 332 304 972 644 36 0 0
340 332 308 968 644 72 0 0
340 328 328 956 648 92 0 0
344 304 364 940 652 60 0 0
352 284 392 920 648 84 0 0
364 280 400 912 632 92 0 0
372 276 404 912 616 24 0 0
372 276 408 920 608 52 0 0
372 272 416 924 600 1000 0 0
372 264 424 924 592 8 0 0
368 264 440 924 588 36 0 0
364 260 460 916 584 988 0 0
356 264 468 912 576 4 0 0
352 260 480 912 576 32 0 0
352 260 500 904 568 1000 0 0
348 244 520 888 564 4 0 0
344 240 544 872 564 36 0 0
340 232 576 856 564 44 0 0
336 228 600 836 564 12 0 0
332 224 608 828 564 28 0 0
332 216 628 824 560 1004 0 0
332 216 648 820 556 0 0 0
332 212 676 804 548 28 0 0
332 212 684 792 544 1000 0 0
332 212 700 784 540 1020 0 0
332 212 716 780 536 12 0 0
332 208 736 768 532 992 0 0
332 196 776 740 516 1008 0 0
332 184 812 716 508 0 0 0
332 176 840 692 508 964 0 0
324 168 848 680 508 1008 0 0
324 160 848 660 508 1016 0 0
324 152 852 652 504 968 0 0
324 148 856 652 500 996 0 0
320 148 860 652 492 1004 0 0
324 140 864 652 488 972 0 0
320 128 868 652 484 984 0 0
320 108 880 648 480 1008 0 0
320 88 884 644 480 968 0 0
320 76 888 648 480 996 0 0
316 68 888 644 480 996 0 0
316 56 896 640 480 960 0 0
312 52 900 624 480 988 0 0
308 48 908 616 480 948 0 0
304 48 908 612 480 964 0 0
300 48 916 592 480 992 0 0
300 48 920 584 480 952 0 0
300 48 920 572 480 980 0 0
300 48 920 560 480 988 0 0
296 48 920 556 480 968 0 0
296 48 928 552 480 992 0 0
296 52 932 540 480 992 0 0
296 48 932 524 480 976 0 0
296 48 940 512 480 992 0 0
296 48 948 504 480 952 0 0
292 48 952 500 480 984 0 0
296 48 948 500 480 996 0 0
296 44 952 496 480 988 0 0
296 40 956 496 480 976 0 0
296 32 960 496 480 1000 0 0
296 28 964 496 480 968 0 0
296 24 964 504 484 992 0 0
296 24 964 516 488 1004 0 0
296 28 960 544 488 984 0 0
296 28 952 564 488 1004 0 0
296 28 952 584 488 1000 0 0
296 28 948 608 492 996 0 0
296 32 944 644 496 0 0 0
296 48 928 692 496 1008 0 0
300 52 920 736 496 1016 0 0
300 64 912 772 492 0 0 0
300 64 912 784 492 984 0 0
304 64 912 800 492 964 0 0
308 64 904 812 488 1004 0 0
308 64 900 836 488 988 0 0
308 64 904 852 484 1016 0 0
312 64 904 856 484 1008 0 0
316 56 904 860 484 980 0 0
316 48 904 860 484 1012 0 0
316 48 908 860 484 1000 0 0
316 40 908 848 484 1000 0 0
316 28 908 836 484 1004 0 0
316 8 916 824 484 992 0 0
316 1012 920 800 484 956 0 0
316 988 932 772 480 1004 0 0
312 968 936 748 480 980 0 0
308 968 940 736 480 1000 0 0
308 968 940 732 484 1000 0 0
308 968 936 728 484 964 0 0
308 968 936 728 484 1008 0 0
304 972 932 728 484 992 0 0
304 972 936 728 480 964 0 0
304 976 936 728 484 932 0 0
300 972 936 732 480 984 0 0
296 980 932 728 476 948 0 0
292 988 932 720 476 996 0 0
288 1008 936 704 476 976 0 0
284 4 936 676 476 940 0 0
280 24 936 652 476 984 0 0
276 56 932 632 476 968 0 0
272 76 932 612 476 932 0 0
268 112 924 588 476 988 0 0
264 148 924 568 476 964 0 0
260 172 916 548 476 924 0 0
256 208 920 532 476 884 0 0
256 228 912 512 476 952 0 0
252 244 912 504 476 920 0 0
252 264 912 488 476 980 0 0
248 280 908 472 476 948 0 0
244 296 904 468 476 916 0 0
240 312 900 460 476 888 0 0
236 328 904 456 476 944 0 0
236 336 904 440 476 908 0 0
236 352 900 428 476 968 0 0
236 372 900 412 476 936 0 0
232 380 900 404 468 884 0 0
232 396 900 396 468 956 0 0
228 396 896 388 464 916 0 0
228 412 892 372 456 964 0 0
228 420 892 364 452 924 0 0
228 424 892 360 444 880 0 0
224 428 896 360 444 852 0 0
224 432 896 352 444 908 0 0
220 436 896 344 444 876 0 0
220 440 896 340 440 852 0 0
220 444 896 332 436 896 0 0
220 444 896 328 432 856 0 0
220 452 892 324 432 912 0 0
216 452 896 324 428 884 0 0
216 456 896 320 428 840 0 0
216 460 896 320 428 908 0 0
212 460 892 316 428 872 0 0
212 464 896 312 428 832 0 0
212 468 892 312 424 892 0 0
212 472 892 308 420 864 0 0
212 480 892 304 420 800 0 0
208 484 888 296 416 784 0 0
204 488 888 296 416 836 0 0
204 504 888 288 416 800 0 0
200 512 888 288 416 872 0 0
200 528 888 284 412 820 0 0
196 532 888 276 412 796 0 0
192 536 884 276 412 840 0 0
192 544 888 272 412 820 0 0
192 548 888 268 408 792 0 0
188 556 884 268 408 848 0 0
188 560 880 260 408 816 0 0
188 568 884 248 408 780 0 0
188 576 876 248 408 840 0 0
188 580 880 244 404 808 104 0
184 580 876 244 404 864 340 0
188 580 876 240 400 828 568 0
188 580 876 240 404 792 768 0
188 580 876 244 400 760 888 0
188 580 876 244 400 820 44 0
188 580 872 248 396 768 124 0
192 580 876 248 396 848 168 0
192 580 876 252 396 800 248 0
192 580 876 252 396 776 348 0
192 580 876 252 396 760 352 0
192 580 872 252 396 792 352 0
192 580 876 256 396 772 352 0
192 580 872 256 396 744 356 0
192 580 876 256 396 788 356 0
196 580 876 260 396 764 352 0
196 576 876 260 396 816 352 0
196 572 876 264 396 788 352 0
196 568 880 272 396 756 352 0
196 568 880 276 396 820 352 0
200 564 876 276 396 792 380 0
200 560 880 272 396 760 436 0
200 560 880 276 396 808 432 0
200 556 880 276 396 780 432 0
204 556 880 276 396 748 432 0
204 556 880 276 396 800 432 0
204 556 884 276 396 776 432 0
208 556 884 276 396 740 432 0
208 556 880 276 396 736 432 0
208 556 880 284 396 768 432 0
208 552 880 288 396 748 432 0
208 548 876 292 396 776 432 0
212 540 876 300 396 772 432 0
212 536 876 316 396 816 432 0
216 528 872 324 400 784 432 0
220 524 872 336 404 760 432 0
224 516 868 340 404 748 432 0
228 512 868 348 404 804 436 0
232 504 868 360 404 764 436 0
236 500 864 364 404 820 436 0
236 500 856 380 404 776 436 0
240 496 852 384 404 756 432 0
240 488 856 388 404 744 432 0
244 484 856 392 404 768 432 0
244 484 852 392 400 752 436 0
244 484 856 396 400 728 440 0
244 480 856 396 400 760 436 0
240 484 856 396 400 748 436 0
240 484 856 392 400 784 440 0
240 484 860 392 400 764 440 0
236 480 860 396 400 740 440 0
236 484 860 392 400 784 440 0
232 484 860 392 400 764 444 0
228 488 860 380 400 744 456 0
224 500 860 368 400 792 584 0
220 504 868 344 400 764 728 0
216 508 868 320 400 732 860 0
212 516 872 304 400 780 888 0
208 524 876 296 400 748 908 0
208 528 872 292 400 728 912 0
208 528 872 288 404 776 944 0
204 532 872 280 400 740 956 0
204 532 872 276 400 724 980 0
208 536 868 276 400 700 1004 0
204 536 872 276 400 744 1004 0
204 536 872 276 404 712 996 0
204 536 868 288 408 768 1000 0
204 536 872 288 408 744 996 0
200 536 868 288 408 720 996 0
200 536 868 292 408 764 996 0
200 536 868 292 412 748 36 0
200 532 876 280 412 788 168 0
200 528 876 276 412 768 288 0
200 516 884 268 412 744 428 0
200 500 884 264 416 716 428 0
196 496 880 288 436 796 420 0
196 492 880 304 440 760 424 0
200 488 880 296 416 720 424 0
212 480 888 296 412 760 428 0
216 468 892 296 408 728 428 0
224 456 888 296 400 760 428 0
228 448 892 300 396 728 428 0
232 440 892 320 396 696 428 0
236 436 892 324 392 740 428 0
236 424 896 328 392 716 428 0
236 412 900 328 392 688 428 0
236 400 900 328 392 732 428 0
236 396 900 328 396 708 428 0
236 396 904 328 396 700 428 0
236 396 904 328 396 640 428 0
236 392 904 328 396 712 428 0
236 396 900 336 396 688 428 0
236 396 904 356 396 636 428 0
224 396 904 352 408 716 428 0
220 400 904 360 408 676 428 0
216 400 900 364 412 744 428 0
212 400 904 360 412 720 428 0
212 400 900 364 412 676 428 0
212 400 908 332 412 736 428 0
212 400 908 328 412 708 432 0
216 400 908 324 412 668 428 0
216 400 908 324 408 724 428 0
216 400 908 328 408 700 428 0
216 400 908 328 408 736 332 0
216 396 908 332 408 716 572 0
220 400 904 328 408 676 956 0
220 392 912 324 408 732 868 0
224 388 916 328 404 716 868 0
224 384 916 324 404 672 868 0
224 384 916 328 400 708 872 0
224 384 916 324 396 704 872 0
228 384 916 324 392 656 868 0
232 380 916 324 392 584 872 0
236 380 916 328 384 676 868 0
236 376 916 324 380 628 868 0
236 376 920 328 376 692 872 0
236 380 916 328 376 668 868 0
236 380 916 328 376 616 868 0
236 376 916 328 376 684 872 0
236 376 916 328 376 652 988 0
236 368 924 296 372 600 156 0
236 364 920 288 372 676 160 0
236 364 920 296 372 636 152 0
232 364 920 300 372 592 148 0
228 364 920 296 372 656 148 0
228 368 920 296 372 636 148 0
224 372 920 296 372 588 148 0
224 372 920 300 372 664 148 0
220 376 916 320 372 640 56 0
216 376 916 324 372 688 0 0
216 372 924 324 372 664 0 0
216 372 920 328 372 620 0 0
216 364 916 340 368 564 0 0
216 364 920 352 368 648 0 0
220 360 916 364 364 612 0 0
216 360 920 364 364 668 0 0
224 360 920 364 360 652 0 0
224 360 924 364 352 572 0 0
228 360 920 372 348 536 0 0
228 356 920 380 344 608 0 0
232 348 932 368 344 564 0 0
236 344 932 368 344 640 0 0
240 340 936 368 344 604 0 0
240 340 932 368 336 552 0 0
240 340 940 368 336 620 0 0
240 340 948 368 332 584 0 0
240 340 952 344 332 532 0 0
240 340 960 312 332 624 544 0
240 340 972 292 328 580 876 0
240 344 968 292 320 496 892 0
240 352 964 300 312 588 896 0
240 356 968 296 312 544 904 0
240 364 964 296 308 476 900 0
240 372 968 296 308 576 904 0
240 372 964 296 304 512 904 0
240 372 964 312 308 464 912 0
240 372 964 308 308 564 908 0
240 372 964 308 308 504 912 0
240 372 964 308 308 588 912 0
244 372 964 308 308 548 912 0
244 372 968 300 308 496 912 0
248 372 964 296 308 572 912 0
248 372 964 296 312 548 912 0
248 372 964 292 308 496 912 0
248 372 964 292 312 448 912 0
248 372 960 292 312 536 824 0
252 372 964 292 316 484 480 0
252 372 964 292 316 592 0 0
252 372 964 296 312 536 0 0
260 372 960 296 304 464 0 0
260 360 964 304 304 416 0 0
264 356 964 312 304 512 0 0
264 352 964 316 304 456 0 0
264 348 964 320 304 548 0 0
264 344 964 328 304 484 0 0
264 344 968 328 304 444 0 0
264 340 964 328 304 544 0 0
264 340 964 328 304 472 0 0
264 340 964 332 304 436 0 0
264 336 968 332 304 516 0 0
264 336 968 336 304 472 0 0
264 336 964 332 304 432 0 0
264 336 964 336 304 508 0 0
260 336 964 352 304 464 0 0
256 340 968 364 304 428 0 0
252 340 968 364 308 504 0 0
248 340 964 364 312 460 0 0
248 344 968 368 316 560 0 0
248 344 968 372 320 500 0 0
248 340 972 372 320 456 0 0
248 340 980 372 320 404 0 0
248 340 980 368 320 492 0 0
248 344 980 368 320 456 0 0
248 340 980 380 320 416 0 0
248 340 980 392 324 492 0 0
252 340 980 404 324 444 0 0
248 340 980 408 324 428 0 0
252 344 980 412 324 492 0 0
252 348 980 412 328 448 0 0
252 360 976 412 328 528 0 0
252 372 980 408 328 480 0 0
252 376 980 404 332 444 0 0
252 380 980 404 332 388 0 0
252 384 980 400 328 472 0 0
252 388 980 404 328 424 0 0
252 388 980 404 328 496 0 0
252 388 980 412 328 468 0 0
252 384 980 424 328 404 0 0
256 380 980 432 324 368 0 0
256 372 980 444 324 436 0 0
260 352 980 460 324 396 0 0
260 344 984 468 324 464 0 0
264 340 980 472 324 428 0 0
268 328 984 480 324 384 0 0
268 320 980 488 324 368 0 0
268 320 980 484 332 416 0 0
268 320 980 472 328 384 0 0
264 332 984 460 328 444 0 0
256 348 980 428 332 420 0 0
252 376 980 404 336 372 0 0
248 396 980 368 340 452 0 0
244 436 980 336 340 432 0 0
240 464 980 296 340 372 0 0
236 488 980 260 340 468 0 0
228 516 980 224 344 412 0 0
224 540 980 184 340 376 0 0
216 564 980 164 344 444 0 0
212 584 976 144 340 396 0 0
212 588 976 136 340 372 0 0
212 608 980 132 336 420 0 0
212 620 976 128 332 380 0 0
212 628 972 128 332 456 0 0
212 632 972 124 332 416 180 0
212 632 976 108 332 384 884 0
212 636 980 80 332 384 528 0
212 636 980 76 332 408 804 0
212 640 972 80 332 360 924 0
212 640 980 84 332 352 16 0
212 640 972 88 332 388 48 0
212 640 972 100 332 364 44 0
212 636 972 104 332 356 40 0
212 628 972 108 328 388 40 0
212 620 976 112 332 356 44 0
216 612 976 120 328 364 40 0
216 608 976 124 332 364 40 0
216 600 976 124 332 360 40 0
220 592 976 128 332 396 44 0
220 584 972 128 332 364 44 0
220 580 980 132 332 352 40 0
220 580 980 132 332 384 40 0
220 576 980 140 332 356 40 0
220 576 976 148 332 368 40 0
220 572 980 152 332 372 40 0
224 572 980 152 332 380 40 0
224 568 976 152 328 360 44 0
224 568 980 152 328 364 40 0
224 568 976 156 328 380 40 0
224 564 980 160 328 388 40 0
228 556 976 168 328 376 44 0
228 552 980 176 328 364 44 0
232 552 976 176 324 356 40 0
236 548 980 176 324 368 40 0
236 548 976 176 320 344 40 0
236 548 976 176 320 356 40 0
240 548 976 176 320 356 40 0
240 548 976 176 320 344 44 0
240 548 980 176 320 356 40 0
240 548 976 176 320 356 40 0
240 548 976 176 316 344 40 0
244 548 976 180 316 356 44 0
244 544 980 184 316 340 40 0
240 548 980 188 316 344 1008 0
240 548 980 188 316 336 840 0
244 548 980 192 316 348 584 0
240 548 976 196 316 348 392 0
240 548 980 200 316 340 164 0
240 548 980 200 316 356 120 0
244 548 980 200 316 344 120 0
244 548 980 208 312 352 120 0
244 548 976 212 312 352 120 0
248 548 980 220 308 332 120 0
248 544 980 228 308 344 120 0
248 540 980 232 304 344 120 0
252 540 980 236 304 320 120 0
252 536 980 244 304 352 120 0
252 528 976 256 304 336 120 0
252 520 980 268 304 328 120 0
256 512 980 276 304 312 120 0
256 504 976 284 300 340 120 0
260 500 976 292 300 332 120 0
260 492 980 308 300 328 120 0
264 484 980 324 300 324 120 0
264 476 976 344 296 300 120 0
268 468 980 364 296 324 120 0
272 464 976 364 296 320 120 0
276 464 976 364 292 300 116 0
276 464 980 364 292 324 120 0
276 464 976 364 288 312 120 0
276 464 980 364 288 284 120 0
276 464 980 364 288 320 116 0
280 464 980 364 284 308 116 0
276 464 976 364 284 264 116 0
276 464 980 364 284 304 116 0
276 464 980 368 284 288 120 0
280 464 980 364 284 244 116 0
280 464 980 364 284 308 116 0
280 464 976 364 284 280 116 0
280 464 980 364 284 320 116 0
276 464 980 364 284 308 120 0
280 464 980 364 284 264 116 0
280 464 980 364 284 312 1008 0
276 468 976 364 284 296 824 0
276 464 980 368 284 264 372 0
280 464 980 364 284 192 232 0
280 464 980 368 284 296 228 0
280 464 976 364 284 252 224 0
280 464 980 364 284 304 228 0
280 468 976 364 284 280 224 0
280 468 976 364 284 216 224 0
280 468 980 364 284 304 228 0
280 464 980 364 284 264 228 0
280 468 980 364 280 200 224 0
280 468 976 364 280 296 224 0
280 468 980 364 280 248 296 0
280 468 976 364 280 196 484 0
280 468 976 364 280 292 696 0
280 468 980 364 280 248 876 0
284 468 980 364 280 176 76 0
284 472 980 360 276 272 412 0
284 476 976 348 276 228 448 0
280 476 980 348 280 168 444 0
284 476 980 348 276 260 444 0
280 476 980 344 276 212 440 0
280 476 976 344 276 140 440 0
280 476 980 344 276 260 440 0
280 476 976 340 276 188 444 0
280 480 980 336 276 124 444 0
276 480 980 332 276 244 444 0
276 480 980 328 280 168 444 0
276 484 980 320 280 280 444 0
276 488 976 316 276 216 444 0
272 488 980 312 276 156 444 0
272 492 980 312 280 272 444 0
272 496 980 304 280 196 444 0
272 496 980 304 280 136 444 0
272 496 980 304 276 248 444 0
272 496 976 304 276 184 440 0
272 496 980 300 276 128 444 0
272 496 976 304 276 232 440 0
272 496 980 300 280 168 440 0
272 496 980 300 276 128 444 0
272 496 976 300 276 212 444 0
272 500 980 300 280 156 444 0
272 500 980 300 276 116 444 0
268 496 980 300 276 208 444 0
268 500 980 300 276 152 444 0
268 496 980 300 280 100 444 0
268 500 980 300 280 192 440 0
268 496 980 300 280 128 444 0
268 500 980 300 280 84 440 0
268 496 976 300 284 176 444 0
268 492 980 300 284 116 440 0
268 488 980 300 284 60 444 0
268 484 980 300 284 160 444 0
268 480 980 296 288 120 444 0
268 480 980 296 292 64 444 0
268 472 980 300 296 160 444 0
268 464 980 308 296 104 444 0
268 452 980 312 296 48 444 0
268 448 980 316 296 140 444 0
268 440 980 320 300 96 444 0
272 436 980 320 300 196 444 0
272 428 980 328 300 144 444 0
272 416 980 328 304 88 444 0
272 408 976 332 304 168 440 0
272 396 976 336 304 128 440 0
272 392 976 340 304 68 444 0
272 384 976 352 308 168 440 0
272 380 980 360 308 112 444 0
272 372 976 364 312 52 444 0
272 364 976 364 312 156 440 0
272 352 980 368 312 108 440 0
272 348 980 368 312 216 444 0
272 344 980 368 316 8 444 0
272 344 980 368 316 100 440 0
272 340 976 368 316 40 444 0
268 336 980 368 320 140 444 0
268 332 976 368 320 84 440 0
268 320 980 368 320 40 444 0
268 312 976 368 320 124 444 0
268 304 976 368 320 68 444 0
268 300 976 372 320 24 444 0
260 296 976 376 320 112 444 0
256 288 976 380 320 68 444 0
252 288 976 388 320 16 444 0
248 280 976 392 320 104 444 0
240 272 976 396 320 52 444 0
232 264 976 400 320 0 444 0
220 248 976 400 316 84 444 0
208 240 976 400 316 28 444 0
192 228 980 404 316 120 444 0
184 216 976 420 312 60 444 0
168 204 980 436 308 0 444 0
156 184 980 460 304 92 444 0
140 168 980 476 300 28 444 0
128 152 976 496 300 1012 444 0
112 136 980 508 300 984 444 0
92 116 976 528 300 8 444 0
84 100 980 548 296 1004 440 0
68 80 980 568 300 44 444 0
48 64 980 588 300 8 444 0
28 48 980 604 300 996 444 0
12 28 980 628 304 956 444 0
1016 8 976 644 304 8 444 0
1000 1020 980 652 312 1000 444 0
980 1016 980 652 316 44 444 0
964 1016 980 652 320 12 444 0
948 1016 980 640 324 992 444 0
932 8 980 624 332 40 440 0
912 20 980 612 344 20 444 0
896 44 980 588 348 1004 444 0
880 52 980 568 360 76 444 0
864 76 984 540 368 40 444 0
840 104 980 508 384 128 444 0
812 128 980 480 404 112 444 0
792 160 980 452 408 64 444 0
768 184 976 408 416 24 444 0
752 212 980 376 420 108 444 0
740 220 980 368 432 76 440 0
732 220 980 364 436 44 444 0
720 224 976 364 436 104 444 0
712 232 976 360 424 68 444 0
704 228 980 364 420 24 444 0
692 228 980 372 420 72 444 0
684 224 980 380 420 48 444 0
680 220 976 388 416 108 444 0
668 216 976 392 416 60 440 0
648 216 980 392 416 32 444 0
632 216 980 396 420 0 444 0
624 216 980 400 424 68 444 0
612 220 980 396 424 24 444 0
596 232 980 392 424 96 444 0
584 236 980 384 424 52 444 0
568 244 980 372 428 12 444 0
556 248 980 368 432 1008 444 0
548 264 980 360 432 48 444 0
532 276 980 352 432 124 444 0
516 280 976 340 432 72 444 0
504 292 980 328 432 32 440 0
488 300 976 316 432 4 440 0
480 304 980 316 432 56 444 0
476 304 980 312 432 24 444 0
472 304 980 300 436 0 444 0
464 304 980 296 444 60 444 0
440 304 980 296 452 44 440 0
424 300 980 312 472 36 444 0
412 300 980 308 476 88 444 0
392 332 980 280 480 60 444 0
380 356 976 244 476 16 444 0
368 384 980 216 476 76 444 0
356 392 980 200 476 48 444 0
348 396 980 192 472 96 440 0
340 400 980 192 468 64 444 0
332 396 980 212 464 20 444 0
320 384 980 228 468 1012 440 0
304 372 980 252 472 56 440 0
292 348 980 272 476 16 440 0
280 340 980 288 480 76 440 0
260 340 980 296 484 52 444 0
248 336 980 296 484 16 440 0
232 336 980 300 496 84 440 0
220 340 980 296 500 56 444 0
204 344 980 292 504 24 440 0
192 348 980 284 504 0 440 0
172 356 980 276 504 48 440 0
160 368 980 276 508 24 444 0
152 376 980 268 508 72 444 0
140 376 980 264 508 48 444 0
128 380 980 256 508 20 444 0
116 388 980 244 512 0 440 0
104 392 980 236 512 40 444 0
92 400 976 228 512 12 440 0
76 416 980 220 512 56 440 0
64 428 976 212 512 32 440 0
52 436 980 196 512 12 444 0
44 444 980 184 512 48 444 0
32 448 980 172 512 16 444 0
24 452 980 168 512 76 444 0
12 460 976 164 512 28 444 0
4 464 980 160 508 4 444 0
1012 468 980 156 508 64 440 0
1004 480 980 148 508 28 444 0
996 484 980 132 504 0 440 0
988 492 980 120 504 48 444 0
976 500 980 108 500 20 444 0
964 504 980 104 500 80 444 0
948 512 980 100 500 1008 444 0
936 516 976 96 496 4 440 0
924 516 980 96 500 1012 444 0
920 516 980 96 500 1004 440 0
912 520 980 100 504 8 444 0
900 524 980 88 508 1016 444 0
900 528 980 80 508 20 440 0
896 532 980 68 508 12 440 0
888 532 980 60 508 1012 444 0
884 540 980 52 508 20 440 0
880 548 980 40 508 1020 444 0
876 556 980 20 508 996 444 0
876 564 980 8 508 12 440 0
876 564 980 8 508 1020 444 0
872 560 980 12 508 1000 440 0
872 552 980 16 504 8 444 0
868 548 976 24 504 1004 444 0
864 544 980 32 504 1012 444 0
860 544 984 36 504 1016 440 0
860 540 980 40 504 1004 444 0
856 540 980 44 504 1004 440 0
852 536 980 52 504 0 440 0
848 536 980 60 504 1008 440 0
848 536 980 60 500 1008 444 0
848 532 980 68 500 8 440 0
844 528 980 72 500 1004 440 0
844 524 980 80 500 1016 444 0
840 508 980 92 500 1016 444 0
840 500 980 108 500 1012 444 0
836 488 980 112 504 1004 444 0
836 480 980 124 504 0 440 0
832 468 980 128 504 1008 440 0
832 452 980 144 508 1012 440 0
828 444 980 152 508 1016 444 0
828 432 980 168 512 1008 444 0
824 408 980 188 512 16 444 0
820 388 980 212 516 4 444 0
816 380 980 220 528 12 444 0
812 376 980 224 532 56 440 0
808 372 980 224 536 20 444 0
800 368 980 224 544 36 440 0
792 360 980 220 556 56 444 0
780 360 976 224 572 44 440 0
768 348 980 236 584 72 444 0
756 344 980 240 596 56 444 0
744 344 980 240 604 108 444 0
732 344 980 236 612 112 444 0
716 344 980 236 608 104 444 0
712 344 980 244 604 116 440 0
708 344 980 256 600 100 444 0
704 340 980 268 596 88 440 0
700 332 980 280 592 84 444 0
692 316 980 292 592 84 440 0
680 308 984 300 596 92 444 0
672 304 984 316 596 84 444 0
660 304 980 324 604 108 440 0
656 300 984 328 608 96 444 0
648 300 980 328 616 100 440 0
640 300 984 328 624 132 444 0
632 300 980 324 624 116 444 0
624 304 976 328 628 112 440 0
620 304 980 328 628 112 444 0
612 304 980 328 632 92 440 0
608 308 980 328 636 128 444 0
604 308 984 324 636 148 444 0
604 324 984 320 636 116 440 0
600 332 980 316 636 136 440 0
596 336 976 308 636 120 440 0
592 340 980 308 640 136 444 0
588 344 980 304 644 140 440 0
584 356 984 300 644 128 444 0
580 372 976 296 644 140 444 0
580 376 984 296 644 140 444 0
576 388 980 292 644 128 444 0
576 392 984 288 644 144 440 0
572 396 980 280 644 176 444 0
568 416 980 272 644 144 444 0
560 432 980 272 644 152 444 0
552 440 980 260 644 128 444 0
548 448 980 248 644 136 440 0
548 456 980 240 644 156 444 0
544 464 980 232 644 184 440 0
540 480 980 220 648 140 440 0
540 484 984 216 648 168 440 0
536 488 980 212 648 176 440 0
532 488 980 204 652 140 440 0
532 492 980 200 656 156 404 0
528 492 980 196 656 148 436 0
528 496 984 192 656 172 588 0
528 500 980 180 660 192 768 0
524 504 984 176 660 152 900 0
520 504 980 176 660 172 996 0
520 504 984 176 660 204 100 0
520 508 980 172 664 172 136 0
516 508 980 172 664 188 136 0
512 508 980 172 664 204 188 0
516 512 980 168 664 168 240 0
516 516 980 168 664 180 280 0
516 520 980 168 664 212 296 0
512 520 980 164 660 168 292 0
512 520 984 164 664 192 296 0
512 524 980 160 664 236 296 0
512 524 980 160 664 180 300 0
512 528 980 160 660 188 296 0
508 528 980 160 660 236 296 0
508 528 980 164 664 168 296 0
504 528 980 160 664 204 296 0
508 528 980 160 664 164 296 0
504 528 980 164 660 316 304 0
508 528 980 168 660 220 336 0
504 524 980 172 660 276 368 0
504 524 984 172 660 184 368 0
504 520 980 176 664 236 444 0
504 520 980 180 660 296 516 0
504 516 984 188 664 208 636 0
504 512 980 188 660 260 704 0
504 512 980 188 660 308 740 0
508 512 980 188 660 224 776 0
508 512 980 192 660 264 836 0
512 508 984 200 660 200 948 0
512 504 984 212 656 236 68 0
508 500 984 220 660 272 208 0
512 496 984 224 656 340 340 0
512 492 980 232 656 244 428 0
512 488 984 240 660 296 492 0
508 484 980 244 660 208 560 0
512 480 984 248 656 252 668 0
512 480 984 260 656 308 752 0
512 476 980 268 660 360 856 0
512 472 984 276 656 260 940 0
512 464 984 280 656 328 1012 0
512 464 984 288 660 376 1012 0
512 456 984 292 656 292 1016 0
512 452 980 296 660 348 1016 0
512 452 980 296 656 252 1016 0
512 448 980 304 656 300 1008 0
516 448 984 312 656 352 1012 0
516 440 984 316 656 252 1012 0
520 436 980 320 656 308 1016 0
524 436 984 320 656 364 1016 0
528 424 984 332 656 264 1012 0
532 408 980 352 656 324 1016 0
528 396 980 364 656 372 1008 0
532 392 984 364 656 296 956 0
532 384 980 368 656 324 996 0
536 384 980 380 656 400 916 0
536 380 980 388 656 288 456 0
536 380 984 392 656 340 364 0
540 372 984 396 652 404 404 0
536 360 984 400 648 304 420 0
540 360 980 400 652 360 412 0
540 360 984 400 648 264 400 0
540 364 980 400 648 316 412 0
540 364 980 396 648 372 408 0
540 364 984 396 648 264 916 0
540 364 984 396 644 324 468 0
540 364 984 396 648 380 452 0
540 364 980 396 648 424 444 0
540 364 980 392 648 352 432 0
544 364 984 396 648 392 432 0
544 368 980 396 648 304 444 0
544 368 980 396 644 360 788 0
544 364 980 392 648 412 580 0
544 372 984 392 648 452 1000 0
544 372 984 392 648 364 1004 0
544 372 984 388 648 412 1004 0
544 372 980 384 644 336 1004 0
548 372 980 392 644 376 1004 0
548 364 984 396 644 284 1004 0
544 364 984 396 644 324 1008 0
544 360 980 396 644 360 472 0
544 360 980 396 644 420 908 0
544 360 980 396 644 332 464 0
548 360 984 400 644 380 124 0
544 360 980 396 644 312 60 0
544 360 984 396 644 356 56 0
544 360 980 396 644 400 64 0
548 360 984 396 644 456 224 0
548 360 980 396 644 372 76 0
548 360 984 400 644 416 868 0
548 360 984 396 644 320 1000 0
548 360 980 396 640 372 1012 0
544 364 980 396 644 428 1008 0
544 364 984 392 644 480 288 0
548 364 988 396 644 392 948 0
548 364 980 396 640 432 868 0
548 364 984 396 640 348 508 0
548 364 980 400 644 400 120 0
548 364 980 400 640 300 852 0
548 360 984 400 640 548 680 0
548 360 984 400 640 396 492 0
548 360 980 400 640 460 352 0
548 360 984 400 640 376 360 0
548 360 984 400 644 432 40 0
548 360 984 400 640 480 208 0
548 360 980 396 640 376 928 0
552 364 980 396 640 428 1012 0
548 360 980 396 640 496 1008 0
552 364 984 396 636 380 1012 0
548 364 984 396 636 440 1008 0
548 368 984 392 636 348 1008 0
552 368 984 392 636 400 1008 0
552 364 980 396 636 444 1008 0
552 368 980 396 636 352 1004 0
552 368 984 396 632 408 1004 0
552 368 980 400 632 472 1004 0
552 368 980 396 632 360 1004 0
556 368 980 396 632 408 1004 0
552 368 984 396 632 316 1008 0
552 372 980 396 632 552 1004 0
552 372 984 396 632 412 904 0
552 372 984 396 632 488 964 0
552 372 980 396 632 380 216 0
552 372 984 400 632 436 92 0
552 372 984 400 632 512 100 0
552 372 984 400 628 412 100 0
552 372 984 400 632 456 100 0
548 372 984 396 632 548 96 0
548 372 980 400 632 396 64 0
552 372 980 400 632 452 596 0
552 376 980 396 632 376 0 0
548 376 984 392 632 404 852 0
548 376 984 392 632 496 836 0
548 380 984 388 632 588 824 0
548 376 976 388 632 672 824 0
548 376 984 388 632 520 828 0
548 376 984 392 632 384 828 0
548 376 984 392 632 452 916 0
548 376 984 400 636 540 804 0
548 376 984 400 636 624 712 0
548 376 980 396 632 472 212 0
548 376 980 392 632 544 256 0
548 376 984 392 632 424 256 0
548 380 980 392 636 488 260 0
548 376 984 392 636 548 256 0
548 376 984 392 632 652 256 0
544 376 984 392 632 496 260 0
548 376 980 396 636 568 268 0
548 376 984 396 636 436 452 0
548 376 980 400 636 524 848 0
544 372 984 408 636 608 612 0
544 360 980 412 636 696 596 0
544 356 980 420 636 556 484 0
544 352 984 424 636 620 396 0
544 352 980 424 636 480 112 0
544 348 980 424 636 576 0 0
544 352 984 424 636 436 0 0
544 352 984 424 636 508 0 0
540 348 980 424 636 584 0 0
544 352 980 420 636 664 0 0
544 356 980 420 636 524 0 0
544 356 984 416 636 604 0 0
544 360 984 412 636 448 0 0
540 364 984 412 636 744 0 0
540 364 984 408 636 624 0 0
540 364 980 408 636 688 0 0
540 364 980 408 636 548 0 0
540 364 980 408 636 632 0 0
540 364 980 408 636 488 0 0
540 364 980 404 636 592 0 0
540 360 984 404 636 652 0 0
540 356 980 404 636 716 0 0
544 348 980 404 636 584 0 0
544 340 980 404 640 660 0 0
548 320 984 396 640 540 0 0
552 300 980 396 644 624 0 0
556 280 980 400 644 452 0 0
560 272 984 404 648 784 0 0
560 256 980 404 648 648 0 0
564 240 980 404 652 728 0 0
568 224 980 408 656 584 0 0
568 208 980 420 660 680 0 0
568 196 980 424 660 528 0 0
568 184 984 424 664 604 0 0
576 172 980 424 668 704 0 0
576 164 980 424 668 776 0 0
580 156 980 424 668 652 0 0
588 148 976 424 668 716 0 0
600 148 972 432 668 572 0 0
608 148 964 452 660 848 0 0
616 148 960 460 660 724 0 0
628 144 952 464 656 784 0 0
640 140 952 460 648 644 0 0
652 136 948 468 644 728 0 0
660 136 944 476 644 580 0 0
664 136 944 480 644 664 0 0
672 136 944 480 644 736 0 0
676 136 944 480 648 824 0 0
684 136 936 480 652 672 0 0
692 136 936 480 656 768 0 0
700 136 936 480 664 636 0 0
704 136 932 476 668 744 0 0
712 136 936 472 676 808 0 0
728 144 932 464 688 892 0 0
748 164 932 460 696 772 0 0
760 180 924 452 700 852 0 0
776 200 916 452 704 720 0 0
788 224 916 452 724 816 0 0
812 244 904 452 732 672 0 0
824 276 892 452 748 988 0 0
832 304 884 452 752 868 0 0
844 332 876 452 760 952 0 0
852 356 868 440 768 836 0 0
864 392 864 436 784 920 0 0
876 432 852 428 792 788 0 0
888 464 844 424 804 884 0 0
900 496 840 404 808 956 0 0
912 532 812 396 808 20 0 0
920 568 788 384 812 896 0 0
928 588 756 372 812 976 0 0
940 628 728 368 812 848 0 0
948 648 712 368 812 920 0 0
952 668 688 368 812 1004 0 0
960 696 660 368 812 60 0 0
960 708 636 368 812 88 0 0
960 720 620 368 812 1012 0 0
960 744 608 368 812 872 0 0
964 756 600 368 808 944 0 0
968 768 580 368 804 12 0 0
972 780 560 376 804 60 0 0
972 784 544 392 804 956 0 0
976 784 540 392 800 16 0 0
976 780 512 416 796 896 0 0
980 772 476 460 796 968 0 0
988 772 436 504 796 28 0 0
996 760 404 544 796 72 0 0
1000 760 364 588 796 1004 0 0
1008 760 320 624 792 28 0 0
1016 756 296 644 788 912 0 0
0 756 284 648 784 996 0 0
8 748 272 652 784 36 0 0
16 748 244 668 780 80 0 0
28 752 220 688 772 992 0 0
36 756 192 712 768 36 0 0
44 760 160 736 764 72 0 0
52 768 136 740 760 992 0 0
56 776 120 744 760 848 0 0
60 788 92 756 760 940 0 0
72 804 52 772 760 4 0 0
84 816 12 780 760 52 0 0
92 832 1004 784 760 964 0 0
96 844 968 788 760 16 0 0
100 864 948 792 764 900 0 0
104 872 900 804 764 92 0 0
112 888 868 816 768 32 0 0
120 896 852 816 784 80 0 0
128 904 820 816 788 16 0 0
132 920 788 816 800 64 0 0
140 928 764 816 812 984 0 0
152 948 720 820 832 80 0 0
156 956 688 824 852 136 0 0
164 976 652 824 860 188 0 0
168 996 608 832 872 116 0 0
176 1008 564 836 888 188 0 0
184 4 516 840 900 224 0 0
196 12 472 840 908 168 0 0
204 28 436 836 916 224 0 0
208 32 408 840 924 272 0 0
216 40 372 836 932 212 0 0
220 48 348 832 940 248 0 0
224 48 320 820 952 180 0 0
236 64 276 808 960 244 0 0
244 80 232 804 968 112 0 0
248 100 164 800 976 344 0 0
256 120 112 796 984 276 0 0
264 136 64 796 988 312 0 0
276 144 40 788 1000 360 0 0
284 144 16 776 1000 296 0 0
292 144 4 760 1008 184 0 0
304 144 1008 744 1008 260 0 0
312 144 1000 728 1008 312 0 0
328 144 980 712 1012 344 0 0
340 144 972 704 1008 276 0 0
348 140 960 692 1008 312 0 0
376 136 952 680 1000 204 0 0
388 128 952 656 1000 284 0 0
404 128 944 636 1000 316 0 0
416 128 940 612 996 364 0 0
424 124 928 596 996 396 0 0
428 120 916 592 996 340 0 0
432 116 912 588 1000 244 0 0
436 108 912 588 1000 400 0 0
440 100 904 580 1000 324 0 0
460 92 896 568 1000 372 0 0
468 80 896 564 1000 312 0 0
484 64 896 556 992 340 0 0
504 56 896 548 984 360 0 0
520 48 896 532 984 288 0 0
532 44 896 508 980 332 0 0
548 44 896 484 980 368 0 0
556 44 896 464 976 296 0 0
564 44 896 428 976 328 0 0
568 40 896 408 976 260 0 0
572 32 896 396 976 304 0 0
576 20 904 396 976 336 0 0
584 8 908 392 976 288 0 0
600 1008 916 384 980 324 0 0
616 996 924 368 980 344 0 0
628 988 936 360 980 400 0 0
640 972 944 352 980 324 0 0
664 952 948 340 980 264 0 0
688 940 952 332 980 296 0 0
712 920 968 324 976 316 0 0
736 896 980 316 972 376 0 0
768 876 996 316 968 288 0 0
804 852 1008 312 964 324 0 0
844 828 0 312 964 372 0 0
868 804 24 312 960 284 0 0
884 780 48 312 960 332 0 0
900 752 76 316 960 388 0 0
924 720 104 316 960 292 0 0
948 704 124 316 960 340 0 0
980 700 132 316 964 384 0 0
1000 700 136 312 960 304 0 0
1016 700 136 312 956 332 0 0
12 700 144 312 952 364 0 0
32 700 148 304 948 308 0 0
60 700 164 292 948 332 0 0
80 704 160 276 936 364 0 0
96 704 164 276 936 300 0 0
120 704 160 276 936 332 0 0
132 704 164 276 936 372 0 0
132 704 168 276 932 296 0 0
132 704 168 284 928 328 0 0
132 692 180 288 928 268 0 0
132 676 196 288 928 296 0 0
132 664 224 292 928 332 0 0
132 652 240 292 932 272 0 0
132 640 264 292 928 280 0 0
132 624 284 292 928 344 0 0
132 608 304 292 928 268 0 0
132 584 320 292 928 300 0 0
132 576 328 292 928 356 0 0
132 572 336 292 928 272 0 0
132 568 336 292 928 320 0 0
132 564 336 292 928 380 0 0
132 560 340 292 928 284 0 0
132 556 344 296 928 336 0 0
132 556 344 292 928 380 0 0
128 556 344 292 928 308 0 0
124 552 348 296 932 356 0 0
120 552 356 296 936 392 0 0
120 544 356 296 936 444 0 0
120 544 360 296 936 376 0 0
120 544 360 296 936 312 0 0
120 540 360 296 936 352 0 0
120 536 364 292 940 404 0 0
120 532 376 292 944 436 0 0
120 520 388 292 948 356 0 1020
